351
10001
10002
10003
10004
10005
10012
10013
10019
10020
10026
12541
12741
13441
13461
13481
13493
13571
13591
13651
13652
13661
13681
13693
13741
13742
13751
13762
13782
13791
13861
13871
13881
13882
13891
13961
13962
13963
13971
13981
13982
13992
13993
14041
14401
14501
14601
14621
14701
14702
14703
14711
14721
14722
14801
14802
14811
14901
14911
14912
14921
14922
15040
15341
15471
15541
15542
15631
15731
15741
15772
15774
15841
15861
15871
15931
16812
16904
16906
16911
21781
21792
21802
21862
21871
21881
21971
21981
21991
22701
22731
22761
22801
22811
22812
22821
22826
22871
22891
22901
22911
22912
22913
22914
22915
22921
22929
22931
22932
23081
23091
23101
23182
23183
23191
23281
23291
23491
23561
23591
23682
23881
23951
23952
23971
23981
24021
24022
24031
24041
24111
24121
24141
24150
24151
24161
24311
24313
24321
24371
24391
24411
24412
24421
24501
24531
24532
24541
24542
24581
24582
24592
24641
24681
24682
24691
24711
24773
24791
24821
24831
24871
24971
25041
25062
25073
25081
25091
25121
25122
25123
25124
25126
25141
25171
25241
25261
25271
25272
25281
25291
25381
25391
25422
25423
25442
25462
25483
25521
25541
25553
25601
25614
25672
25681
25691
25701
25713
25715
25771
25781
25791
25812
25822
25832
25841
25852
25861
25871
25881
25891
25901
25921
25922
25941
25951
25961
25971
25972
25981
25991
26111
26112
26113
26114
26121
26131
26201
26211
26231
26301
26311
26312
26321
26322
26331
26401
26411
26431
26432
26441
26451
26452
26511
26521
26522
26541
26542
26561
26611
26632
26701
26812
26822
26828
26831
26832
26833
26901
26931
26934
27011
27201
27203
27211
27311
27421
27521
27701
27711
27921
27922
27931
31051
31081
31091
31092
31151
31171
31281
31291
31292
31371
31381
31392
32001
32003
32004
32016
32023
32031
32041
32061
32073
32101
32111
32131
32132
32141
32151
32211
32221
32231
32232
32233
32241
32261
32311
32312
32321
32322
32361
32371
32372
32382
32411
32421
32442
32491
32551
32552
32561
32564
32572
32581
32661
32681
32731
32732
32741
32742
32751
32761
32763
32773
32781
32791
32831
32841
32851
32854
32881
32883
32891
32931
32932
32951
32952
33072
33141
33151
33181
33191
33193
33231
33251
33272
33281
33311
33331
33351
33353
33361
33401
33402
33431
33432
33444
33471
33472
33491
33501
33502
33551
33561
33621
33622
33624
33641
33661
33701
33711
33721
33741
33751
33763
33771
33772
33791
33801
33811
33841
33861
33891
33893
33921
33932
33946
34051
34061
34071
34091
34102
34103
34171
34172
34191
34192
34251
34252
34271
34274
34291
34301
34311
34312
34341
34371
34372
34381
34391
34392
34393
34401
34431
34441
34481
34482
34491
34492
34501
34511
34521
34531
34551
34573
34574
34581
34595
34596
34621
34631
34632
34641
34671
34672
34681
34682
34683
34686
34691
34701
34711
34723
34741
34742
34812
34821
34841
34842
34851
34852
34871
34872
34876
34877
34881
34882
34883
34884
34891
34892
34893
34894
34931
34941
34942
34951
34963
34971
34978
34981
34982
34983
34984
34985
34991
34993
34994
34995
35001
35021
35022
35023
35041
35042
35043
35053
35054
35076
35091
35111
35121
35131
35141
35161
35162
35171
35174
35183
35191
35201
35211
35212
35223
35301
35302
35303
35311
35312
35313
35321
35322
35323
35331
35332
35333
35334
35335
35336
35341
35351
35352
35353
35354
35361
35362
35363
35364
35365
35366
35371
35372
35374
35381
35401
35411
35412
35413
35421
35422
35423
35424
35431
35432
35433
35434
35435
35436
35438
35441
35442
35451
35452
35461
35462
35463
35471
35472
35481
35511
35512
35521
35522
35523
35524
35531
35532
35551
35552
35553
35561
35562
35563
35571
35572
35581
35582
35583
35611
35612
35621
35622
35623
35624
35625
35626
35627
35631
35632
35641
35643
35651
35654
35661
35662
35663
35664
35671
35672
35673
35674
35692
35721
35722
35723
35724
35725
35726
35727
35728
35729
35731
35732
35733
35734
35735
35736
35737
35741
35742
35743
35744
35745
35746
35747
35748
35751
35752
35753
35754
35755
35756
35761
35762
35763
35764
35765
35766
35767
35768
35769
35771
35772
35773
35774
35775
35776
35777
35778
35779
35781
35782
35783
35784
35785
35786
35787
35801
35802
35803
35804
35805
35806
35807
35808
35809
35811
35812
35813
35815
35816
35821
35822
35823
35824
35825
35826
35827
35828
35829
35831
35832
35833
35834
35835
35836
35837
35838
35841
35842
35843
35844
35845
35846
35847
35851
35852
35853
35854
35855
35856
35857
35858
35859
35861
35862
35863
35864
35865
35866
35867
35868
35869
35871
35872
35873
35874
35875
35876
35877
35878
35892
35901
35902
35903
35904
35905
35906
35912
35913
35914
35921
35922
35923
35924
35931
35932
35933
35934
35941
35942
35943
35944
35951
35952
35953
35955
35961
35962
35963
35964
35965
35966
35967
35968
35969
35971
35972
35973
35974
35975
35976
35977
35981
35991
35992
36013
36041
36091
36111
36112
36121
36141
36161
36191
36271
36292
36312
36331
36341
36343
36381
36401
36423
36443
36444
36535
36543
36551
36552
36571
36572
36581
36591
36611
36622
36631
36651
36681
36711
36721
36731
36732
36733
36751
36752
36753
36761
36764
36771
36772
36781
36782
36791
36792
36793
36802
36971
36981
36982
37021
37112
37121
37141
37205
37221
37505
37601
37602
37701
37901
41141
41241
41261
41272
41461
41462
41463
41481
42131
42132
42141
42181
42182
42191
42251
42291
42321
42331
42332
42341
42351
42371
42391
42392
42401
42421
42491
42492
42621
42682
42691
42781
42881
42882
42941
42981
42982
42983
42991
43011
43021
43031
43041
43061
43062
43071
43091
43131
43161
43181
43191
43201
43211
43212
43221
43222
43231
43241
43251
43252
43261
43264
43281
43282
43291
43321
43381
43412
43421
43451
43461
43462
43471
43473
43481
43482
43491
43521
43531
43533
43541
43542
43551
43561
43562
43571
43601
43602
43621
43622
43681
43741
43742
43751
43752
43761
43762
43771
43791
43792
43793
43794
43801
43821
43831
43841
43842
43851
43861
43881
43901
43961
43971
44072
44081
44082
44083
44084
44085
44086
44087
44091
44092
44093
44101
44102
44111
44112
44121
44131
44132
44141
44151
44161
44171
44231
44241
44261
44262
44271
44276
44282
44283
44284
44285
44291
44292
44301
44312
44321
44331
44341
44342
44351
44365
44381
44382
44391
44392
44393
44394
44401
44411
44421
44431
44461
44471
44472
44481
44482
44483
44484
44491
44492
44522
44523
44531
44532
44541
44542
44551
44601
44621
44631
44641
44651
44661
44671
44672
44673
44681
44682
44691
44741
44742
44751
44761
44771
44772
44784
44791
44801
44811
44821
44831
44841
44842
44843
44851
44861
44871
44872
44881
44901
44911
44912
44921
44931
45001
45002
45003
45004
45011
45012
45021
45022
45023
45024
45031
45032
45033
45034
45035
45041
45042
45043
45051
45052
45053
45054
45055
45056
45057
45058
45059
45061
45062
45063
45064
45065
45066
45067
45068
45072
45073
45074
45075
45076
45081
45082
45091
45092
45101
45111
45121
45122
45124
45131
45132
45133
45134
45141
45142
45143
45151
45152
45161
45162
45163
45164
45165
45168
45174
45175
45176
45181
45183
45184
45191
45201
45202
45203
45204
45205
45207
45211
45221
45232
45233
45234
45235
45236
45241
45242
45243
45244
45251
45252
45253
45255
45261
45262
45263
45264
45267
45271
45272
45301
45302
45303
45306
45321
45322
45323
45331
45341
45342
45343
45351
45352
45353
45371
45372
45373
45375
45376
45381
45412
45414
45423
45424
45425
45426
45431
45441
45451
45452
45453
45454
45455
45461
45462
45471
45472
45473
45481
45485
45491
45501
45502
45521
45531
45532
45541
45544
45551
45552
45561
45562
45563
45571
45572
45573
45574
45582
45583
45584
45591
45592
45593
45601
45611
45612
45621
45622
45623
45624
45625
45626
45630
45631
45632
45633
45641
45642
45661
45662
45671
45672
45681
45691
45694
45701
45711
45721
45722
45723
45724
45732
45741
45742
45751
45761
45762
45763
45764
45771
45772
45773
45774
45781
45782
45783
45791
45792
45793
45794
45795
45796
45821
45841
45842
45851
45852
45861
45862
45864
45871
45872
45881
45891
45901
45902
45911
45912
45913
45921
45922
45925
45931
45971
45981
45982
45991
45992
45993
45994
46011
46021
46032
46033
46051
46062
46071
46082
46111
46151
46163
46181
46231
46281
46322
46332
46344
46351
46361
46461
46481
46501
46502
46511
46601
46602
46603
46611
46612
46701
46703
46707
46711
46712
46713
46722
46801
46802
46803
46804
46811
46821
46832
46833
46841
46872
46873
46901
46902
46903
46941
46942
46961
46962
46971
47102
47231
51061
51071
51091
51131
51151
51161
51171
51261
51272
51281
51291
51361
51363
51375
51392
51393
51421
51452
51471
51491
51561
51571
51591
51593
51661
52021
52181
52191
52192
52193
52231
52251
52252
52271
52291
52292
52351
52371
52381
52391
52392
52431
52441
52571
52572
52691
52692
52752
53032
53041
53042
53071
53081
53084
53103
53111
53121
53131
53141
53142
53143
53151
53161
53171
53201
53211
53221
53231
53241
53242
53243
53251
53261
53271
53282
53302
53311
53341
53351
53391
53421
53431
53471
53511
53581
53671
53683
53691
53741
53761
53891
53961
53981
54001
54002
54011
54012
54022
54041
54051
54061
54062
54121
54152
54161
54171
54181
54201
54211
54221
54241
54262
54281
54291
54391
54492
54571
54581
54601
54602
54611
54621
54661
54781
54791
55011
55021
55022
55041
55042
55062
55071
55091
55092
55093
55101
55111
55114
55121
55161
55162
55171
55172
55211
55212
55221
55241
55245
55261
55263
55264
55271
55273
55291
55292
55293
55301
55312
55341
55342
55351
55361
55371
55381
55401
55421
55431
55441
55442
55451
55452
55461
55462
55471
55481
55491
55511
55543
55551
55552
55561
55571
55572
55573
55581
55582
55591
55592
55631
55632
55651
55652
55653
55661
55701
55713
55731
55732
55741
55751
55761
55762
55763
55781
55782
55792
55801
55811
55831
55893
55931
55935
55951
55952
55953
55971
56001
56002
56011
56012
56013
56014
56041
56052
56061
56101
56121
56132
56133
56151
56231
56261
56281
56291
56301
56311
56321
56331
56341
56352
56353
56361
56381
56423
56431
56471
56481
56491
56511
56512
56531
56541
56551
56561
56581
56611
56613
56631
56645
56701
56731
56741
56751
56752
56760
56761
56762
56763
56771
56781
56783
56791
56821
56831
56832
56833
56861
56871
56911
56922
56961
56971
57101
57211
57221
57401
57411
57601
57821
57941
61081
61082
61492
62001
64171
64181
64281
65011
65031
65041
65051
65053
65071
65081
65091
65101
65111
65131
65181
65194
65311
65321
65351
65371
66011
66031
66032
66072
66081
66082
66091
66092
66111
66112
66141
66142
66151
66171
66271
66273
66341
66351
66361
66451
66461
66471
66481
66521
66541
66561
66591
67002
67201
67202
67221
67251
67252
67311
67313
67331
67351
67431
67441
67551
67631
67721
67931
200010
200011
200012
200013
200014
200015
256131
257131
257142
310711
348711
358611
358631
358641
359621
359671
361111
363731
366721
450522
450523
451621
458511
468311
468313
468317
541011
561311
561312
561313
561314
561315
561316
561317
561318
561319
561320
561321
561322
561323
561324
561325
561326
561327
561328
561329
561330
561331
561332
561333
561334
561335
561336
561337
561338
561339
561340
561341
561342
561343
561344
561345
561346
561347
561348
561349
561350
561351
561352
561353
561354
561355
561356
561357
561358
561359
561360
561361
561363
561364
561365
561366
561367
561368
561369
561370
561371
561372
561373
561374
561376
561377
561378
561379
561380
561382
561383
561384
561385
561386
561387
561388
561390
561391
561392
561393
561394
561395
561396
561397
561398
561399
561400
561401
561402
561404
561405
561406
561407
561408
561410
561411
561412
561413
561414
561415
561416
561417
561418
561420
561421
561422
561423
561425
561427
561430
561435
561439
561440
561441
561442
561443
561444
561445
561446
561447
561448
561449
561450
561451
561452
561453
561454
561455
561456
561457
561458
561459
561460
561461
561462
561463
561465
561467
561468
561469
561470
561471
561472
561473
561474
561475
561476
561477
561478
561479
561480
561481
561482
561483
561484
561485
561486
561487
561488
561489
561490
561491
561492
561493
561494
561495
561496
561497
561498
561499
561500
561501
561502
561503
561504
561505
561506
561507
561508
561509
561510
561511
561512
561513
561514
561515
561516
561517
561518
561519
561520
561521
561522
561523
561524
561525
561526
561527
561528
561529
561530
561532
561533
561534
561535
561536
561537
561538
561544
561545
561547
561548
561549
561550
561551
561552
561553
561554
561555
561556
561557
561558
561559
561560
561561
561562
561563
561564
561565
561566
561567
561568
561569
561570
561571
561572
561573
561576
561577
561579
561580
561581
561582
561583
561584
561585
561586
561587
561588
561589
561590
561591
561592
561593
561594
561595
561596
561597
561598
561599
561600
561601
561602
561603
561604
561605
561606
561607
561608
561609
561610
561611
561612
561613
561614
561615
561616
561617
561618
561619
561620
561621
561623
561624
561625
561626
561627
561628
561629
561630
561631
561632
561633
561634
561635
561636
561637
561638
561639
561641
561642
561643
561644
561645
561646
561647
561648
561649
561650
561651
561652
561653
561657
561658
561659
561660
561661
561662
561663
561664
561666
561667
561668
561669
561670
561671
561672
561673
561674
561675
561676
561677
561678
561679
561680
561682
561683
561684
561685
561686
561687
561688
561689
561690
561691
561692
561693
561694
561695
561696
703120
703130
703140
703150
703160
703170
703180
703190
703200
703220
703230
703240
703250
703260
703270
703280
703290
703300
703310
703320
703330
703340
703350
703360
703370
703380
703390
703400
703410
703420
840000
840010
840015
840016
840020
840025
840030
840040
840050
840060
840070
840080
840090
840100
840110
840120
840130
840140
840150
840160
840170
840180
840190
840200
840210
840220
840230
840240
840250
840260
840270
840280
840290
840300
840310
840320
840330
840340
840350
840360
840370
860000
860010
860060
860070
860080
860090
860100
860110
860120
860130
860140
860150
860160
860170
860180
860190
860200
865000
865010
865015
865020
865025
865030
865035
865040
865045
865050
865051
865052
865053
865054
865055
865056
865057
865058
865059
865060
865061
865062
865063
865064
865065
1000001
1000002
1000006

